MAE: 0.004619698157853216
ME: -4.267237455293448e-05
MIN_ERROR: -0.09780973633877635
MAX_ERROR: 0.0973477244310638
STD_DEV: 0.013898404070255783
ERMS: 0.013898343227353449
NoEB: 31.980086989743377
Q1: -1.249854298379649e-05
Q2 -7.620903907934462e-11
Q3: 1.2468141497690155e-05
IQR: 2.4966684481486645e-05
