MAE: 0.00016539075091531486
ME: -4.902029429970667e-06
MIN_ERROR: -0.016504923149351147
MAX_ERROR: 0.01653904935893047
STD_DEV: 0.0008739336003878717
ERMS: 0.0008739394034958187
NoEB: 31.99873972257941
Q1: -0.00011632113820470025
Q2 3.5822448229971826e-08
Q3: 0.00011648179389778246
IQR: 0.0002328029321024827
