MAE: 0.005156423316740767
ME: 3.495698441008085e-05
MIN_ERROR: -0.04321490893967417
MAX_ERROR: 0.043214899867895507
STD_DEV: 0.011665791397825906
ERMS: 0.011665737718086785
NoEB: 31.983267308975083
Q1: -1.2172028844736893e-05
Q2 -7.552103387098441e-11
Q3: 1.2468274472876573e-05
IQR: 2.4640303317613466e-05
