MAE: 0.0037624095186814003
ME: 1.5598340483643872e-05
MIN_ERROR: -0.08252991428725123
MAX_ERROR: 0.08206790237953869
STD_DEV: 0.01150814896444467
ERMS: 0.011508054913749687
NoEB: 38.441212179364754
Q1: -1.2744287830046552e-05
Q2 -7.914591204638555e-11
Q3: 1.2089731340036991e-05
IQR: 2.4834019170083543e-05
