MAE: 0.011762105524317164
ME: 0.0002125249294935259
MIN_ERROR: -0.4383694873435754
MAX_ERROR: 0.4853746198869107
STD_DEV: 0.0428281324448179
ERMS: 0.04282827039432742
NoEB: 31.93949840096205
Q1: -0.0016126775356796186
Q2 -6.170610882927363e-06
Q3: 0.0016399901253515874
IQR: 0.0032526676610312062
