MAE: 0.01650778613948876
ME: 0.0001615291455063916
MIN_ERROR: -0.4133920417411584
MAX_ERROR: 0.4685672425485013
STD_DEV: 0.045450267234227466
ERMS: 0.0454501410776215
NoEB: 31.935875740497455
Q1: -0.002012741440071686
Q2 6.314307109035048e-06
Q3: 0.0021336584534270542
IQR: 0.0041463998934987405
