MAE: 0.010472222514382283
ME: 0.000248899323152878
MIN_ERROR: -0.4487602458579797
MAX_ERROR: 0.4893475078797696
STD_DEV: 0.04250028528102001
ERMS: 0.04250062773529408
NoEB: 31.93995174761992
Q1: -0.0012303868345260802
Q2 6.59401537033523e-06
Q3: 0.001339295633234594
IQR: 0.002569682467760674
