MAE: 0.0014653214939811298
ME: -0.0014047057241455526
MIN_ERROR: -0.014231005961523324
MAX_ERROR: 0.0023094899038114125
STD_DEV: 0.0023049645165923523
ERMS: 0.0026992523029461925
NoEB: 31.996111048361218
Q1: -0.0018197889577716447
Q2 -0.00023746482798314705
Q3: 1.1394173888623627e-05
IQR: 0.0018311831316602683
