MAE: 0.00608914221946491
ME: 3.763969004906626e-05
MIN_ERROR: -0.11703599682204127
MAX_ERROR: 0.11657398491432873
STD_DEV: 0.01725662331584645
ERMS: 0.01725650748355907
NoEB: 31.975316490505822
Q1: -1.2026519182861684e-05
Q2 7.756173481254791e-11
Q3: 1.3018907697559534e-05
IQR: 2.5045426880421218e-05
