MAE: 0.005186826914894204
ME: -5.9062173678790145e-05
MIN_ERROR: -0.021607449831550163
MAX_ERROR: 0.021607451969574015
STD_DEV: 0.008294866537912128
ERMS: 0.008295001398603036
NoEB: 31.988082203633077
Q1: -0.001716785781750052
Q2 -6.184409499176979e-06
Q3: 0.0016479379298557934
IQR: 0.0033647237116058454
