MAE: 0.012121452393844896
ME: -8.187043708094552e-06
MIN_ERROR: -0.17655708892568855
MAX_ERROR: 0.1766401027452809
STD_DEV: 0.030489851983725502
ERMS: 0.030489575896142925
NoEB: 31.95667008889188
Q1: -1.2065792459492464e-05
Q2 7.766465248693066e-11
Q3: 1.3092606771958337e-05
IQR: 2.51583992314508e-05
