MAE: 0.009770470248390995
ME: 0.00016095409002873988
MIN_ERROR: -0.4564373837096948
MAX_ERROR: 0.490543951914346
STD_DEV: 0.04219099533401441
ERMS: 0.04219091878370232
NoEB: 36.566923684576835
Q1: -0.001054486020070633
Q2 6.454762700641993e-06
Q3: 0.0010954881092481157
IQR: 0.0021499741293187487
